00079400462237
00211583000008
00209506000006
00232806000001
00200230000003
00202113000001
00021496001227
00088331509027
00899049002126
04099100086034
00118631108436
00118631232872
00461000028652
00461000028720
00461000028416
00461000017526
00461000022162
00070852994277
04099100118131
00021130133550
00041100583376
00850643007337
00851989006107
00088544101292
00727458122114
00727458123814
00727458123418
00089744763457
00027007127172
00088004030261
00088004034924
00764302314318
00850005941316
00096619124213
00071249419113
00810003461605
00021000044801
00763027702974
00036669061267
10041419420086
00818148021241
00048001013698
00017800170192
00500046383162
00072182002714
00172261111297
00309974301039
00018627001157
00018627001164
00038100584762
00050000940028
00037600350082
00088194703730
00017800192187
00017800189989
00017800190930
00017800191685
00017800179423
00017800189507
00038100188519
00038100188793
00050000544318
00038100185662
00038100190963
00038100192677
00002620011701
00041415007413
00085239110843
04099100165753
00013300606476
00050000735785
00012044046807
00602707029980
00688267539589
00024100117666
00012044044827
00079100224401
00028400516464
00028400517997
00028400516310
00011110540058
00024200046149
04099100107494
00635280001739
00635280001975
00736547024451
00071121963505
00717854151801
00522001722618
00811538012102
00082734753308
00856581006258
00041220802920
00088004046132
00810030510154
00681131395434
00706121946714
00159090203713
00721059003094
00850004102589
00038259111222
00017800190091
00896863000000
00644808000000
00023400060238
00311917220482
00480010119228
00079893158327
00744920006895
00744920006963
00744920006987
00744920007045
00744920007069
00744920007137
00744920007205
00011110098375
00080432113097
00841320106856
00037000537458
00056617004627
00056617004917
00834050000945
00055086012218
00764302016670
00764302020639
00764302020721
00850008019081
00689544081845
00818290018953
00818290018816
00036000541700
00036000543377
00360001441234
00360001461898
00360001470630
00360002966484
00360002968396
00360003463296
00360003592750
00360003876980
00360003956934
00360004205796
00360004393806
00360004525016
00360004525634
00360004526006
00360004554030
00360004555884
00360004570016
00360004730700
00360004733602
00360004748552
00360004750982
00360004751422
00360004755550
00360004776036
00360004776340
00360004802520
00360004859678
00360004894396
00360004967656
00360004776722
00360005120142
00360005123662
00360005286022
00360005286718
00360005286886
00360004863910
00360005391726
00360005416320
00818617024490
00037600142700
00366320754819
00366320766119
00721400165488
00721408130624
00721408135292
00004133112432
00013764028357
00815260002899
00815260002929
00815260002936
00815260004985
00815260005067
00815260005098
00815260005692
00815260005814
00815260005890
00815260005012
00851299004008
00011111033474
00079400488145
00043213053135
00043213052220
00043213052244
00043213052251
00043213052992
00043213053012
00043213052176
00043213052046
00043213053098
00043213052114
00043213053395
00043213053401
00043213052459
00043213052466
00043213053180
00043213053203
00043213053586
00043213054835
00043213054859
00043213054866
00043213054620
00043213054699
00043213053654
00043213053463
00043213053760
00043213044775
00043213044836
00043213044980
00043213051988
00043213051957
00043213045796
00043213045819
00043213045871
00043213052688
00043213052619
00043213046069
00043213013337
00043213013351
00043213013368
00043213051636
00043213015584
00043213044492
00043213044461
00043213044584
00043213044485
00007024791815
00741704233584
00741704370586
00741704382398
00741704432024
00741704517400
00741704518018
00741704588554
00741704626164
00741704626546
00741704706286
00163024708533
00163027362183
00079400493385
00044600326009
00012000211706
00850012117544
00850012117285
00850012117292
00850012117278
00850012117575
00049000547184
00079400491916
00808124114647
00136632077711
00025317143387
00071054420014
00035000995919
00430007945408
00310158887843
00714643015214
00072745807503
00852537005917
00818290018335
00689544080251
00689544080268
00035000995575
00035000994745
00035000996626
00850017468146
00827854001942
00827854001997
00024100000210
00370007877548
00370009462674
00370009463114
00370009463350
00370009466566
00370009466634
00370009766086
00370009766918
00370009767212
00370009072132
00041554071818
00041554075854
00041554078862
00041554078909
00041554065589
00041554072235
00086800160595
00087692010142
00086951000030
00034000460632
00041483042569
00024100114832
00041190061143
00713733333665
00025700003717
00762574809198
00237089000007
00011115000953
00008520000159
00007874223733
00073202891035
00071928366073
00065934001806
00815887010178
00041290783167
00041190756827
00041268167814
00752530386368
00072674006466
00492700214564
00072674003632
00647671501452
00306849777258
00070230168139
00021400560710
00811001011052
00707773832851
00073102003897
00073102003804
00420011519511
00035000671448
00035000390059
00020189001216
00819553010066
00490831001770
00005100002107
00003000016910
00885561022308
07989311279407
00205428804999
00205428704992
00009999932562
00088673658892
00002113025142
00934500000029
00021130370412
00754807540671
00754807544037
00754807541548
00009999929082
00009999931854
00009999931391
00009999930289
00009999932317
00002460000080
00009999930609
00009999933168
00009999930021
00009999931125
00004337772650
00009999933065
00009999934216
00009999930652
00008981901087
00009999930689
00084692479040
00018200250170
00070234224305
00050200582006
Inv80127000036
00071990101138
00077782027300
00123040600608
00307666003459
00003000031841
00251610000000
00021251000000
00065596010040
00024000247870
00041318031003
00201640405181
00004110008154
00035000462779
00036000342050
00003600032731
00036000375633
00036000388046
00011150990018
00036000399943
00999994138130
00041900020123
00075706148080
00075706130771
00042800480149
00079874429310
00004990062216
00007122902791
00001400000971
00007081000583
00000512363866
00000512363569
00000512004202
00041498181031
00020709100443
00002550000367
00002550020138
00002550000227
00002550020082
00002550006764
00002550000392
00002550000381
00025500057636
10074804102253
10074804109443
00007120211713
00305732009933
00002701809931
00071202117134
00085961000570
00085961000044
00225500202839
00052742203904
00097105113687
00051141968612
00803993317953
00052742227702
00096619130313
00052742204406
00001806505368
00009668902014
00093766746145
00071190011367
00723633420099
00745158380146
00023517900403
00887628010648
00859610003709
00737257428850
00041415125276
00007023011893
00723633886284
00051141968582
00022808854463
00322591006125
00737257902428
00737257426405
00887628005156
00032251028618
00041000002447
00030539015565
00029944437444
00843571005063
00018065055606
00206279405977
00803993307053
00030075514324
00003068486466
00029944499213
00036000408492
00942630700049
00923046216492
00999995165960
00999995165980
00884912012476
00070330632394
00047181013139
00036000408522
00042200027142
00042200027104
00007064000552
00072036980151
00070078230326
00886926172454
00886926173454
00021140015303
00070078230548
00041220520893
00041220894024
00086854031100
00037466062631
00075148180158
00072036632160
00067466056180
00051141904405
00050700552941
00037466050614
00095437421107
00613343000110
00277102405976
00277109506478
00007870000929
00085239701300
00646670510021
00079921101701
00051141386041
00008000390975
00501067766302
00741380198956
00741380196129
00081537180113
00076924569039
00037700373189
00754807410462
00078700009316
00999996217710
00999996217840
00999996217860
00999996217910
00999996218070
00999996218310
00999996218330
00999996218340
00999996218440
00999996218470
00999996218490
00999996218500
00999996218840
00999996219310
00999996219410
00017000996130
00017000996160
00999996219660
00999996219890
00999996220040
00999996220060
00079893601779
00420005126978
00744473473113
00025439104449
00732913228980
00052907622243
00052907623875
00856341003190
00999996220490
00999996220550
00744473912933
00999994140040
00999994140060
00052907022302
00856750005181
00999994140180
00999994140230
00851899005078
00000570054363
00000570010067
00000570077514
00002570070026
00002570000320
00002570000382
00002570070668
00002570000399
00002570000389
00002570071035
00002570000390
00002570001144
00075436104061
00022700709770
00002113007575
00002113007485
00002113007445
00002113007597
00300416693217
00046500724206
10895259001065
00037000278382
00035985067111
00635985060671
00635985606121
00635985069661
00635985060711
00635985060631
00635985060731
00035985060741
00007073452658
00087240800464
00681745311127
00681745111017
00222380000009
20020700003156
00001980070329
00719057001327
00024000549502
00071921290627
00221372000003
00039912001201
00999996220900
00085239941218
00853595002238
00420005249837
00021242241105
00021242240030
00653569890355
00071160085350
00713757062138
00000000235837
00000000225789
00000000291731
00000000263232
00000000205178
00000000205645
00000000201494
00240379000007
00030000054501
00004438607375
00004438602456
00004438606213
00004438606239
00004438607320
00004438607854
00022592066891
00836093002021
00722252129035
00885170173330
00885170173316
00003100067007
00052159401239
00812390020069
00004000032437
00007172007843
00007172007802
00007172007801
00076804407080
00007144303352
00007097044098
00071720008584
00042400211878
00010700502025
00041483038173
00034000987744
00011547221001
00041415345430
00071720018651
00072036709301
00041415189430
00022000108975
00041420550874
00037000534600
00070078230340
00736490005897
00754527000714
00072657194707
00054000385589
00096619777372
00004900001965
00072036511515
00007289000160
00692277110027
00004133370464
00004133384401
00004133382501
00004133341501
00004133366249
00004133366252
00004133366233
00004133301756
00004133301988
00646670312427
00014197001828
00068113191745
00007701312980
00002370001221
00004222281900
00004222283011
00020295000000
00020144000000
00020921200000
00022131500000
00022548200000
00240299443586
00000002188440
00004800102598
00001820011168
00001820022995
00008500001663
00256619000003
00041483040121
00720855123005
00885306204778
00885306289546
00223676313520
00223675842694
00223675843448
00223675847194
00074513805438
00062240024932
00012000201107
00010007868239
00010007917719
00010007768637
00010007768654
00010007917019
00010007868269
00010007856539
00010007868253
00010007868210
00000070024328
00010007791615
00337060025157
00646670510120
00681745111178
00848860001718
00024099350082
00007289000151
Inv79100181025
00011161035138
00780991250478
00714390140108
00030771024639
00072180631145
00624967623005
00734158948791
00029435001017
00041190760121
00077890338209
00070038596951
00070038596966
00004126811162
00018200969164
00086854061213
00041220922932
00885170177840
00085239036167
00010007770082
00842334001749
00075450895483
00287098706995
00049022592940
00092633300565
00011225114136
00010007771736
00041220845583
00041220863389
00028300076526
00086854045169
00205096000006
00708820337336
00021140260413
00017810010040
00021140004963
00021140606549
00210007774952
00210003378734
00211304773266
00041380246046
00612227132510
00607880016352
00883391000190
00213080000001
00033333047904
00088888047904
00071632010132
00202958000006
00074875009792
00884853320023
00041415051539
00072036530387
00075450077087
00074680006553
00007417042499
00007417004716
00007417038181
00007417034224
00754807151020
00203078304494
00072613709892
00267112801684
00070733800208
00607880408591
00290000007530
20076406062301
00222610007112
00052867011392
00205398303010
00005300004864
00018200113604
02087132116692
00086854004876
00075450036121
00018894320081
00041735136367
00041735302861
00041735076427
00075020038623
00284000513924
00284000284862
00284000203672
00230003818016
00284000552466
00219000600930
00713733709453
00681745611210
00014974800023
00018200969386
00033383007236
00041498210465
03014380073711
00010007758272
00010006243544
00010007691625
00010006942374
00010006942373
00038010028083
00897241002647
00883391002767
00018200530449
00018200960123
00028400212052
00018200960628
00018200958847
00018200982958
00661005101552
00642869101434
00077890900833
00756248100469
00044115993307
00240403000003
00041827001368
00817099007045
00699176267517
00088067056321
00887151001182
00887151001137
00091037369239
00081240100606
00857874004074
00085725622102
00085725415230
00085725415049
00644381101415
00638489000091
00022367584511
00021140024671
00070784063249
00011921565738
00007590000526
00005150028003
00005100005887
00002100004704
00001530043024
00007800001336
00002370001410
00002819000257
00003732300202
00007321400144
00007131400235
00002410044070
00002515500037
00007064001561
00002515505704
00021000663702
00009999915925
00009999915938
00009999915894
00009999915980
00009999915983
00009999915895
00009999915868
00009999915880
00009999915875
00009999915902
00009999915910
00009999915914
00009999915918
00858302001399
00230008110894
00230220618895
00842750735070
00037363502643
00079893106458
00079893106472
00041268129232
00079893406947
00021130117123
00688267071898
00021130106226
00021130107858
00688267036064
00688267044519
00072180564016
00041784302102
00851374003032
00072180630445
00859724002117
00859724002056
00072180563910
00046412102924
00009999933557
00009999933076
00009999934949
00009999936194
00009999932052
00009999931978
00009999931981
00009999932006
00009999932051
00009999926347
00050200957000
00009999930680
00082184038130
00009999931827
02050000220142
00009999930832
00000004200046
00009999924877
00207647710600
00014113910163
00028744001190
00207723800003
00200620810526
00009999936121
00009999936122
00009999924735
00754807477892
00032207000075
00009999915860
00009999932751
00009999933198
00210692604992
00215080900007
00216080800007
00009999932850
00009999936080
00009999936085
00205417703999
00205571103994
00009999930455
00688267081071
00009999930860
00009999930858
00009999931014
00076450500376
00072600002432
00739748063144
00028400044820
00037000018964
00028400044844
00060410060575
00070104080093
00034700493466
00034700620084
00018200002229
00099993106670
00018200110344
00018200007408
00018200119880
00018200008283
00018200079955
00018200239205
00665714100066
00723062000596
00999996205580
00702770000036
00018200159893
00999994121270
00999994121340
00018200004018
00018200962431
00702770019069
00999994123090
00018200169946
00018200179853
00999994127480
00999994128000
00999995159540
00999995160080
00999994128180
00702770019106
00702770025107
00999994128620
00999994128700
00999994128860
00999994128910
00999995160440
00999994130020
00076301580039
00722252233044
00999993120790
00999994118760
00999994124900
00999994125400
00999994126620
00999994127290
00999994127310
00999994127330
00999994127600
00999994127820
00999994127880
00999994128090
00999994128120
00999994129250
00999994129640
00999994130140
00071990700256
00099995131310
00099994119740
00071990095727
00099995129680
00099995129690
00070897013247
00074323091724
00009487000077
00089826600229
00072311930123
00089826905126
00037700381245
00034100479022
00034100007584
00999996213750
00034100000691
00034100009823
00008896002344
00099995160400
00999995147200
00999995147240
00068213094117
00068213094193
00068213031105
00009300001670
00009300128087
00009300128094
00079200370305
10331200299154
00999996212510
00073170002044
00099995161030
00099995161060
00013400323030
00075805832269
00072180634931
00011161132653
00011161132936
00011161025436
00099995113350
00074175113711
00099996203310
00741643007505
00036800109698
00036800134225
00036800134331
00041318030150
00041318030372
00036800161481
00726984370068
00726984370013
00011225087561
00011225087585
00036800307407
00726984370051
00074175003265
00099555375664
00099555382058
00012000074094
00072311132121
00099995127500
00099995127510
00041820102192
00071579110117
00041820012194
00041820031522
00099996201460
00086226510310
00099995119050
00078250005090
00763176900016
00072774006199
00999994130700
00999994130740
00999994130910
00999994131030
00999994131080
00999994131380
00999994131430
00999994131590
00999994131810
00007778200373
00007027700005
00815222010023
00003700078737
00724393330352
00000000433037
00859991005026
00003700086169
00041735046543
00077718999292
00813724024654
00813724024661
00033383221274
00041130383205
00193968044275
00041190467136
00041190464548
00038259133231
00089744765802
00524530062340
00524530061046
00077900001352
00500200000003
00856584004763
00028400528467
00049568150079
00041415153806
00080432107362
00739958203613
00083783800319
00408220112426
00041220306794
00323900041981
00002178856700
00810667031640
00810667031510
00810667031534
00810667031398
00030772002780
00037000595120
00037000733294
00490000371970
00490000788860
00743120048896
00743127856418
00743120073782
00743125407766
00840134304991
00847644008401
00075355114290
00523191005048
00499000730220
00016000169159
00028000919603
00700715276218
00700715276225
00715610692513
00380002101746
00815436018877
00840134305509
00018627111924
00003700040567
00051000273024
00400005253638
00280003000003
00009200647756
00009200832534
00778988372487
00054800423323
00810006230239
00737257909496
00735131344456
00021130197149
00688267184765
00012587790731
00041570144756
00004300000524
00004300003358
00859922007983
00051000277466
00089836183651
00598060038106
00099900722822
00014100053569
00614225319610
00614228366673
00614228366727
00616300752459
00616301034028
00616300769167
00614227293482
00614227293468
00616302250465
00616302250489
00616302250366
00616302250410
00616302250557
00616301280876
00614227750251
00042238780200
00400005253911
00743050061040
00002920090789
00002920000351
00779586902014
00004759940433
00047599410087
00001121000832
00485002036712
00071007000249
00010181045103
00004116766287
00004116754000
00004116752457
00818849020024
00081809400581
00081809400529
00063946225296
00300005724360
00768702544429
00097923001603
00072600032927
00600045711178
03616302032433
00031200017093
00079400482341
00638031685103
00014100051695
00726984774200
00738759627963
00737094008796
00084716000097
00089826300303
00070784063140
00084248800079
00082000761976
00018200110122
00018200110443
00070821100081
00030000002429
00003940001816
00607880021622
00012581703805
00092100831790
00002100064616
00720473664362
00067153946708
00085032102813
00083060101013
00083051050715
00032432050815
00092100644024
00882691000053
00720473666243
00025700709046
00024099213547
00012000058769
00031903036681
00092100692339
00011113253818
00053100335336
00053100320509
00053100328505
00011113741025
00011113670516
00011113937305
00037000728290
00037000729785
00037000003267
00015450182275
00092100034023
00041220676750
00041220562794
00813256010118
00049705105429
00021140152534
00018200008542
00829006000117
00004122080568
00921855520010
00072945607385
00000433905729
00895731002160
00013087576009
00734850297906
00490710902716
00014100088875
00490710914375
00034859300028
00071512614207
00736613630319
00877099000125
00050428450703
00078142148737
00627975011222
00751485707112
00490830619228
00745158372004
00745158380160
00034846714500
00070155145321
00070155145307
00007130000047
00299106000001
00046561570538
00085239308004
00640461017003
00028000307707
00703668800165
00055049000382
00008757000168
00723633420785
00099482414429
00673388196315
00012623190341
00688267012808
00030684899454
00019900005305
00754249991055
00859077003038
00072036708830
00072036708861
00655516141480
00655516141060
00655516141046
00080046143046
00075017020495
00703283501027
00711381322192
00010749007062
00030684373251
00030684358616
00030684989254
00753182722818
00041660002232
00072036958280
00041290372958
00052742386201
00816932002025
00891726001392
00015243807231
00007874208969
00018200958892
00754807053119
00737379664181
00010700507440
00009542018399
00011835259457
00072247438588
00895350002756
00898575001528
00812603010023
00891807000580
00030684327001
00633726658202
00076606668913
00604101233024
00099482413705
00051933167452
00762111884855
00762111967077
00018200111587
00737094016210
00852075002041
00296513000006
00038539390484
05222019800159
00601172121397
00018200140143
00405533016571
00688267078347
00721120770375
00074175422332
00007218063810
00037041008689
00855019000783
00111105111116
00007047000109
00757404712342
00688914004828
00754807201794
00782253008421
00007680800388
00852908002583
00851210002069
00793573891518
00007283090612
04800070101661
00077330332590
00763027103139
00041900072810
00079967122162
00034500611251
00070026011588
00041467002190
00041900069209
00041900073367
00070026011397
00049900202718
00049900203050
00041900075231
00034500614153
00070778031056
00790555011544
00077890130414
00492121811922
00492121809653
00833139000036
00003338308459
00072036714138
00710069205215
00763775000162
00018000880522
00018000740710
00851121004022
00041163453371
00071611000895
00793257000267
00072720000028
00214347000009
00000852392117
00688267012594
00405527839094
01223987180629
00659434000973
00727891001649
00840825026461
00005150001228
00047717220505
00072945610293
00870929003150
00492700214977
00074847377236
00013451427074
00036311016713
00023005001834
00416469000886
00077890261552
00073458001103
00041318410082
00786562159355
00786564295945
00786570181003
00737257535220
00007680853360
00233331000009
00492610604011
00074333471455
00018000204403
00018000204304
00018000457809
00049387100149
00003125900972
00846042006279
00717544104810
00184707000010
00050800001394
00041318420050
00002409407015
00002113015216
00250752000005
00263251000001
00490030503099
00490071006016
00490550011869
00490550014433
00490710516531
00492101205338
00492120204275
00492121805112
00492121805921
00492121806041
00492121808496
00492124001696
00492242147597
00492311000419
00492530700169
00492610115562
00492610400965
00492700200994
00492700212874
00492715500119
00736920112775
00736920112713
00018200001567
00018200009815
00018200009709
00018200961359
00018200960789
00018200960796
00018200001673
00018200967276
00610774302462
00610774303674
00762274818667
00681745411117
00681745544662
00681745111154
00018200004216
00018200007620
00018200290732
00018200167577
00018200114014
00018200005213
00018200966620
00018200966378
00018200006548
00018200610776
00018200660443
00018200862953
00817904000810
00762274041546
00736920113017
00736920112744
00736920113215
00736920111969
00736920113697
00736920113222
00736920114212
00736920112935
00736920114274
00736920111372
00018200983016
00018200512216
00040063190058
00040063157068
00018200962257
00071439962009
00018200961175
00018200005756
00018200962318
00018200435669
00018200942761
00018200968815
00018200167294
00018200279416
00018200270369
00018200000461
00071439758008
00071439620404
00071439002101
00018200000744
00852273003024
00082488151306
00786150001349
00815351010642
00815351010659
00018200005923
00018200179877
00018200962127
00018200962165
00018200961526
00719751201023
00089826600243
00345810005556
00072890000873
00786236368632
00652264203125
00087692003328
00887151001120
00087692261049
00087692161141
00087692771005
00087692311140
00087692614227
00087692101253
00087692001102
00087692003014
00087692309185
00087692341178
00087692002284
00087692002116
00087692561026
00087692751076
00087692831044
00763176310228
00071990092016
00071990570071
00087800000294
00071990100445
00071990100384
00071990770143
00071990700201
00034100009090
00034100004903
00034100002947
00034100004057
00068213081117
00034100931520
05010038441558
00089961103227
00089961006207
00089961401231
00850411004391
00804879277842
00600269850035
00083783375268
00077890205600
00080660956206
00893276002188
00893276002263
00893276002287
00893276002140
00893276002102
00605881300197
00605881304188
00605881100605
00605881600310
00605881100759
00084173251209
00052300002437
00052300003489
00088733007022
00088733002058
00088733009071
00088733031010
00072720033859
00072720014513
00072720013264
00073360347542
00073360806117
00071520084511
00052300000303
00091600000194
00073360996719
00073360986017
00073360980220
00070260000133
00073360333552
00689076611756
00073360114182
00073360115233
00073360114052
00022100085701
00022100006164
00022100112421
00074440161119
00074400000069
00074440000012
00052300516118
00052300004608
00078250002129
00078250002488
00078250001627
00085053205022
00072040044535
00635985002123
00635985259374
00635985249986
00635985128434
00635985246114
00635985260530
00638489001203
00638489000251
00088888001166
00638489001319
00638489000695
00638489001449
00638489001067
00082000727484
00082000740063
00082000766049
00082000766919
00082000756286
00082000761068
08600331000506
00080660959016
00080660959641
00071670124129
00009468316135
00088888001883
00009450070878
00071670121104
00036040008706
00036040006351
00071670222016
00088888000725
00089924230304
00089924230700
00089924000006
00089924000136
00089924310969
00089924293682
00796535220371
00796535001260
00796535210112
00602755005035
00602755002140
00088573400014
00088100005736
00633745351023
00734810108891
00672438300030
00746546000233
00746546000318
00608752021016
00608752003043
00611250401037
00611250210110
00611250400016
00087975704737
00896808001116
00083326000107
00083326003054
00631075140720
00631075120722
00660588110104
00660588157505
00899481002036
00899481002302
00116360600009
00856727004506
00603930300013
00895513002067
00036824931084
00602404000015
00722101007503
00891761001074
00891761001463
00891761001272
00891761001180
00891761001111
00857548003044
00654510000014
00654510000304
00081468319859
00081589020108
00867205000002
00005865000202
00692782000509
00022916930073
08033866601083
08033866601106
08033866601229
00187681000069
00187681000021
00187681000038
00187681000052
00064493101026
00640389200105
00743041080197
00743041020094
00743041010026
00089788400103
00689076255172
00867565000001
00793573126733
00793573126726
00792098005233
00680569978905
00858284003565
00897682002213
00897682002206
00094922172402
00688135040049
00688135067329
00721405441495
00681496001063
00681496002039
00819578010133
00855350003085
00862865000188
00072720071325
00072036906892
00085725331028
00085725031027
00048431400006
00051601000012
00700879310063
00700879120068
00700879400122
00605980799311
00718122497447
00718122917969
00859539003040
00746598333129
00656218445425
00656218588214
00656218931577
00887151000215
00854124003085
00854124003245
00858770002218
00894284000098
00084173044450
00084173044498
00793271991060
00793271990117
00853366005017
00705105534152
00854644005040
00091037767189
00899539000212
00899539000182
00899539000700
00793573828477
00753182211459
00816130016596
00816130014127
00816130014110
00816130014219
00895531002018
00895531002681
00895531002438
00864446000112
00704730550063
00851897004011
00853205004058
00631234600027
00631234521124
00631234421127
00631234660069
00631234800021
00631234330016
00869380000136
00857153002012
00858740000787
00893354001140
00853811003049
00853811003032
00720604200001
00858690004149
00852563003000
00091037801708
00091037082978
00091037526397
00852527000144
00852527000120
00001105000162
00743058212994
00780369305069
00780369308060
00675817126078
00859167003221
00030915433037
00030915433129
00030915433150
00030915433204
00030915433648
00030915433181
00769620444440
00857965004082
00899335002106
00899335002113
00899335002038
00859528003754
00859528003617
00859528003655
00000145210074
00857734003209
00851653005061
00851653005122
00759325321757
00859432004007
00859432004052
00091037932105
00852850004062
05601146000425
05601146003020
00617605223453
00766352228591
00766352690619
00855731005004
00019962029615
00662502837722
00662502734250
00859093002374
00859093002084
00859093002404
00859093002435
00091037228666
00869621000000
00094922168641
00634538101429
00712392299770
00794028500030
00794028500023
00833050001136
00097441000133
00097441000027
00097441000126
00756819122258
05012686071330
00608782668922
00608782673353
00608782671694
00818534010064
00608782671526
00608782673148
00818534010002
00818534010514
00608782673742
00608782673728
00818534010712
00608782677047
00608782674527
00608782667734
00025324000246
00851357004025
00851357004018
00780069011031
00780069711757
00780069411442
00851773005071
00080432403549
00070310010365
00080432100608
00070310010426
00080432100394
00700445144122
00854822000355
00854822000232
00854822000010
00088345100043
00088130791456
00653903010029
00011912010216
00857283000223
00748252000828
00861888000021
00861888000083
00850708005087
00850708005148
00634986450049
00634986400037
00634986200033
00705105254357
00001109888186
00085859002924
00085725215298
00085725415063
00085725415308
00085725115307
00085725215137
00085725017021
00737530240063
00737530010550
00737530010031
00737530010154
00737530010161
00737530011427
00785515100994
00785515200021
00785515100024
00078250003461
06001760000891
00017698951019
00034100897062
00034100737467
00022100144019
00034100006174
00034100303075
00094922164919
00034100482053
00034100535056
00034100009526
00034100785055
00034100824051
00034100878054
00034100569020
00080872001268
00838469003023
00838469003016
00892543000063
00892543000070
00892543000261
00892543000087
00718122997626
00609722326018
00653817004503
00737297000474
00675747011161
00751407400404
00751407400107
00853380004140
00021705200915
00706819361218
00897303001083
00855161004004
00855161004028
00793573828521
00087340061236
00710168132061
00710168121010
00859528003396
00854674000220
00855094005475
00855094005369
00013964444971
00855150003278
00700220990319
00608782668120
00719607000107
00084173165605
00855710004004
00040232010347
00854973005018
00081589180208
00630832641111
00630832000048
00630832419901
00181585000231
00711556011944
04002208001700
00628586528116
00855681004065
00700153894388
00894776000179
00081353400310
00855007041330
00856246003004
00854690000440
00851083003033
00785181284196
00087194000078
00087194000054
00087425402107
00656472598295
00077740213021
00073832007356
00817611010294
00073832001507
00073832001583
00073832012541
00817611010096
00045635794955
00661799662932
00820103633864
00661799663281
00661799663205
00045635795075
00016246005532
00856626000807
00085498333328
00085498444413
00085498738383
00085498740119
00085498000091
00852752004115
05905927041578
00857198003166
00706904000008
00706904051000
00645828320208
00793573230652
00793573847027
00793573116260
00893182002043
00087525732524
00780369508125
00780369407244
00009485101318
00088888000183
00854936004003
00858965003006
00710168072022
00051752200132
00043817000108
00852275005019
00689076006088
00088888001456
00856270005043
00898847001607
00858491000357
00858491000104
00072546030513
00857426004125
00797698205694
00018757100331
00183182000201
00642855012403
00642855612108
00094922169150
00703798002583
00703798000688
00703798000657
00703798001050
00703798000572
00703798000794
00024218000522
00851364002151
00056507000036
00850018003087
00850018003025
00722160221193
00722160220813
00722160220189
00852355002020
00638836010094
00638836010018
00892370002001
00749504333572
00749504333350
00861183000108
00663556010123
00663556003996
00663556010055
00663556014992
00897299002170
00897299002224
00897435000497
00897435000671
00727344001257
00698723012075
00660376374664
00810914010138
00810854015064
00810854016122
00810854012018
00631963000020
00689076501347
00827912026368
00753182051338
00857801004016
00851666003078
00857213003010
00857213003034
00858059004049
04008287030037
04008287763324
00084128105021
00748862070150
00831153003606
00831153001909
00831153000070
00645549030004
00015925374211
00858853004061
00707408100010
00707408201168
00707408001072
00707408000013
00790672000025
00184733002507
00637866023135
00685254000329
00685165330027
00685254000015
00022198004189
00078250000071
00052294000013
00896287002055
00754489031061
00754489041015
00857469002102
00857701003058
00180716000676
00180716000072
00180716000140
00062067027130
00056310120129
00609789606689
00855598002215
00604046000019
00043868600012
00855515003288
00837654796429
00837654796337
00839307000013
00850837004043
00850837004012
00858841004011
00898351002022
00045968006053
00037866013134
00810730000207
00685165381821
00709203000120
00851231000884
00673562000018
00673562000032
00783271025100
00088888001388
00783271002002
00783271011608
00783271006000
00783271006109
00783271019000
00783271007106
00609132549687
00851001004227
00851001004111
00609132999369
00854025001425
00854025001203
00895359001019
00727482021810
00081553011101
00855239001263
00855239001188
00851257005016
00838469007052
00616673030123
00616673030079
00833053002000
00187942000616
00850105004034
00853326003206
00631130000686
00631130000679
00852969005011
00864841000007
00786951118680
00739371420109
00736211150851
00736211628961
00736211151650
00040232135576
00027482030110
00027482030028
00837654335628
00892506000062
00892506000031
00084598301350
00852296003100
00852296003018
00855417003515
00855417003270
00857874004210
00857874004142
00857874004005
00895304002535
00895304002481
00895304002016
00895304002528
00897435000282
00084994000031
00608782675227
00640259410955
00640259312976
00859490002229
00086323739322
00079318004000
00662425065769
00662425063857
00057905000031
00062067028816
00062067028519
00062067028496
09318691000812
00858605003021
00608782672707
00700220191310
00858881005009
00606813007092
00606813002769
00850501003044
00736040530640
00013964144208
00859766004032
00714834001538
00714834002702
00714834002535
00714834002306
00714834001453
00714834001248
00714834004058
00853478001068
00853478001631
00852004004061
00857005003006
00632123220104
00639483000056
00608782502899
00072749031881
00897232000706
00897232000379
00891312002208
00793807002000
00768774000151
00794312005050
00689076839846
00689076839341
00856052002178
00776029000092
00614861030221
00730669646669
00793573424488
00062067027314
00795652201843
00753182805276
00753182805351
00712808195160
00857400002178
00868003000027
00857129003029
00855189004000
00898772002014
00687151000044
00869879000005
00862090000021
00064448120065
00064448909097
00019962058134
00853798003100
00898008001156
00852974003026
00838447000020
00799282011131
00094181001116
00853524001189
00069596008234
00788309800032
00788309700127
00859728004469
00857973003138
00605800980011
00605800530001
00605800840025
05010549304151
00091037118783
00091037118011
00852620003271
00815829010358
00815829010365
00793573765147
00793573117274
00650156200160
00790586006212
00854421003283
00854421003382
00786384812131
00786384360137
00786384360106
00079446101206
00857400002734
00639736126830
00639736798716
00639736798617
00639736008303
00899530002208
00899530002321
00661100022318
00715915227342
00084994000109
00084994003490
00081780240138
00081780140049
00084994000055
00899648000295
00684746555453
00098323173341
00073832010592
00094922058560
00858674005223
00856247003096
00791090040785
00854537003146
00856666005183
00856666005008
05015759000220
00700358999901
00862959000001
